r: 1.250000 p: 0.800000 beta: 0.900000 lambda2: 1.000000 
lambda1: 1.100000 
 20.24  7.72364 21.12  
18.7  8.93003 20.06  
18.55  8.84354 19.95  
18.43  9.10603 19.76  
17.06  8.25294 18.58  
17.14  8.10213 18.54  
16.78  7.47625 18.09  
16.81  7.37097 18.13  
16.2  7.34347 17.8  
16.15  7.32089 17.8  
16.1  7.19989 17.75  
16.1  7.41694 17.75  
16.1  7.39742 17.7  
16.15  7.31657 17.65  
16  7.16811 17.45  
15.95  7.0511 17.3  
15.95  6.84197 17.2  
15.95  6.79462 17.15  
16.1  6.88478 17.3  
16.1  7.03707 17.34  
16.1  7.06056 17.3  
16.15  7.08145 17.26  
16.15  7.10252 17.3  
16.41  7.56868 17.55  
16.5  7.67266 17.65  
16.5  7.70514 17.65  
16.47  7.63313 17.59  
16.52  7.71508 17.65  
16.46  8.09329 17.71  
16.55  8.17272 17.89  
16.4  8.03273 17.9  
16.45  8.15486 17.93  
16.35  7.91036 17.84  
16.3  7.83574 17.8  
16.19  7.66256 17.5  
15.9  7.57097 17.16  
15.75  7.47018 17  
15.75  7.14255 16.95  
15.79  7.40781 17.27  
15.43  7.5013 17.17  
16.01  7.52794 17.41  
16.16  7.47913 17.56  
16.16  7.09789 17.55  
16.4  7.17761 17.8  
16.16  6.80011 17.3  
16.3  6.21996 16.9  
16.47  6.43009 17.25  
16.7  6.22094 17.3  
16.66  6.12069 17.26  
16.5  5.91294 17.1  
16.4  5.66907 17  
16.4  5.63903 17  
16.25  5.60517 16.85  
16  5.47652 16.6  
15.95  5.47309 16.55  
15.95  5.49353 16.55  
15.95  5.55926 16.55  
15.85  5.48089 16.45  
16.51  5.62332 17.01  
15.95  5.0003 16.55  
15.28  4.50223 15.8  
15.33  4.53972 15.82  
14.7  3.99082 15.1  
14.65  3.93083 15.05  
14.6  3.89674 15  
14.55  3.86421 14.95  
14.55  3.86421 14.95  
14.55  3.86421 14.95  
14.55  3.86421 14.95  
14.55  3.86421 14.95  
14.55  3.86421 14.95  
14.55  3.86421 14.95  
14.55  3.86421 14.95  
14.55  3.86421 14.95  
14.55  3.86421 14.95  
14.55  3.86421 14.95  
14.55  3.86421 14.95  
14.55  3.86421 14.95  
14.55  3.86421 14.95  
14.55  3.86421 14.95  
14.55  3.86421 14.95  
14.55  3.86421 14.95  
14.55  3.86421 14.95  
22.29  22.8618 22.79  
37.49  44.5662 37.91  
44.64  50.911 46.2  
45.16  49.3592 46.38  
39.42  44.9677 40.79  
40.6  47.799 42.9  
45.17  51.1995 47.01  
56.87  60.7644 59.13  
56.36  58.6891 57.25  
51.37  56.6785 52.13  
49.02  56.1302 49.82  
49.4  57.276 50.12  
48.9  57.3409 49.54  
48.3  56.7396 49  
48.35  56.953 49.05  
48.4  57.0873 49.1  
48.35  57.0958 49.05  
48.35  57.1314 49.05  
48.35  57.2039 49.05  
48.35  57.2039 49.05  
48.35  57.2039 49.05  
48.4  57.2806 49.1  
48.4  57.2806 49.1  
48.4  57.2806 49.1  
48.4  57.2806 49.1  
48.4  57.3076 49.1  
48.4  57.4261 49.1  
r: 1.250000 p: 0.800000 beta: 0.900000 lambda2: 1.000000 
lambda1: 1.200000 
 22.44  15.4982 25.4  
19.78  13.3095 22.83  
20.13  12.9024 22.63  
20.83  12.7982 23.2  
20.52  13.0188 23.28  
19.94  12.3077 22.36  
19.5  12.0306 21.85  
19.3  11.6317 21.7  
19  11.4739 21.2  
19  11.3286 21.2  
18.95  11.0447 21.15  
18.9  11.0788 21.05  
18.85  10.9131 20.95  
18.85  10.9841 20.95  
18.8  10.9501 20.9  
18.7  10.9356 20.8  
18.6  10.9771 20.7  
18.65  11.0177 20.75  
18.6  10.9673 20.7  
18.6  10.9692 20.7  
18.6  11.0264 20.7  
18.6  11.0561 20.7  
18.59  11.1043 20.69  
18.3  10.8299 20.4  
18.2  10.9208 20.3  
17.9  10.62 20  
17.85  10.5822 19.95  
17.8  10.6483 19.9  
17.85  10.7634 19.95  
17.65  10.622 19.75  
17.7  10.7353 19.68  
17.5  10.2865 19.15  
17.35  10.1581 18.95  
17.3  10.0825 18.85  
17.25  9.91816 18.8  
17.25  9.78422 18.75  
17.25  9.61353 18.8  
17.2  9.49426 18.75  
17.25  9.35674 18.8  
17.35  9.22129 18.75  
17.64  9.3002 19.04  
17.53  8.76515 18.62  
17.55  8.31741 18.4  
17.7  8.28111 18.55  
17.85  8.20637 18.7  
17.95  8.221 18.8  
18  8.36903 18.85  
17.95  8.3961 18.8  
18.1  8.35429 18.95  
18.15  8.2298 19  
18.15  8.21297 19  
18.2  8.27785 19.05  
17.9  8.00054 18.75  
17.85  7.95275 18.7  
17.7  7.87348 18.55  
17.6  7.87145 18.45  
17.55  7.81053 18.4  
17.55  7.79116 18.4  
17.55  7.76941 18.4  
17.55  7.76941 18.4  
17.55  7.76941 18.4  
17.45  7.68422 18.3  
17.4  7.64237 18.25  
17.4  7.6558 18.25  
17.35  7.60577 18.2  
17.45  7.68775 18.3  
17.4  7.64284 18.25  
17.3  7.55408 18.15  
17.25  7.51025 18.1  
17.25  7.51025 18.1  
17.2  7.46682 18.05  
17.2  7.46682 18.05  
17.15  7.42378 18  
17.15  7.42378 18  
17.15  7.398 18  
17.1  7.33008 17.95  
17.1  7.33008 17.95  
17.1  7.33008 17.95  
17.1  7.33008 17.95  
17.1  7.33008 17.95  
17.1  7.33008 17.95  
17.15  7.3741 18  
22.5  15.9071 23.9  
35.55  37.0582 36.46  
54.96  57.7777 55.54  
57.06  62.7323 57.7  
65.87  68.2093 66.71  
66.7  70.8907 67.7  
82.7  82.5048 83.65  
83.6  83.5098 84.55  
83.6  83.678 84.55  
83.85  84.3504 84.8  
83.9  84.4409 84.85  
83.95  84.5854 84.9  
83.95  84.6556 84.9  
83.95  84.7385 84.9  
83.9  84.588 84.85  
83.9  84.588 84.85  
83.85  84.4675 84.8  
83.75  84.0325 84.7  
83.75  83.9937 84.7  
83.65  83.6918 84.6  
83.55  83.5271 84.5  
83.5  83.4258 84.45  
83.45  83.3236 84.4  
83.45  83.2806 84.4  
83.35  83.1942 84.3  
83.45  83.2901 84.4  
83.6  83.5956 84.55  
83.6  83.5824 84.55  
r: 1.250000 p: 0.800000 beta: 0.900000 lambda2: 1.000000 
lambda1: 1.300000 
 17.48  5.43019 17.76  
18.01  6.95032 18.47  
18.27  7.27543 19.08  
17.93  7.37132 19.04  
18  7.33224 19.13  
18.6  7.54027 19.47  
18.32  7.42895 19.15  
18  7.21378 18.69  
17.8  7.09464 18.5  
17.9  7.29101 18.6  
17.85  7.29699 18.45  
17.78  7.25542 18.35  
17.75  7.11058 18.15  
17.7  7.04999 18.1  
17.75  7.11071 18.1  
17.8  7.42907 18.29  
17.75  7.40523 18.1  
17.65  7.34468 17.95  
17.65  7.32705 17.95  
17.65  7.43999 17.95  
17.6  7.40716 17.9  
17.62  7.48556 17.95  
17.61  7.47395 17.95  
17.64  7.47507 17.9  
17.61  7.4744 18.06  
17.82  7.6026 18.24  
17.38  7.23838 17.78  
17.39  7.21467 17.74  
17.32  7.0682 17.61  
17.27  7.05484 17.64  
17.18  6.95807 17.53  
17.06  6.75818 17.41  
16.95  6.70258 17.31  
16.66  6.47018 17.03  
16.5  6.27819 16.83  
16.48  6.38529 16.86  
16.27  6.15678 16.66  
16.18  6.12237 16.54  
15.62  6.03215 16.2  
15.15  5.84473 15.93  
14.82  5.34521 15.31  
14.72  5.38033 15  
14.96  5.24692 15.22  
15.15  4.98494 15.43  
14.86  4.59843 15.13  
14.42  4.25578 14.61  
14.17  4.0102 14.37  
13.95  3.83845 14.1  
13.91  3.77693 14.11  
13.85  3.78587 14.05  
13.5  3.33172 13.65  
13.4  3.26802 13.6  
13.4  3.27704 13.55  
13.25  3.28585 13.45  
13.35  3.24321 13.55  
13.2  3.14052 13.4  
13.15  3.12672 13.35  
13.1  2.94822 13.25  
13.2  2.99273 13.35  
13.2  2.99273 13.35  
13.15  2.96823 13.3  
13.15  2.91176 13.3  
13.49  3.06095 13.61  
13.4  3.04865 13.55  
12.8  2.5883 12.95  
12.8  2.48746 12.9  
12.65  2.38683 12.8  
12.6  2.26779 12.7  
12.6  2.24092 12.7  
12.6  2.24092 12.7  
12.6  2.24201 12.7  
12.6  2.28078 12.7  
12.46  2.17614 12.62  
12.45  2.14143 12.62  
11.8  1.92138 12  
11.8  1.88677 12  
11.8  1.86933 12  
11.8  1.88677 12  
11.8  1.92138 12  
13.43  4.29461 13.74  
46  48.7958 46.33  
35.41  37.2078 35.83  
30.15  34.6278 30.56  
39.41  40.5923 39.74  
44.21  44.5043 45.54  
39.82  41.3179 40.29  
54.35  60.892 54.76  
49.78  57.434 50.09  
49.68  56.6257 49.99  
49.71  56.6263 50  
49.2  56.0772 49.55  
49.2  55.9596 49.55  
49.2  55.7896 49.55  
49.1  55.4066 49.45  
49.05  55.1225 49.4  
49.05  55.1225 49.4  
49.05  55.0709 49.4  
49.05  55.0709 49.4  
49.05  55.0199 49.4  
49.05  55.0199 49.4  
49  54.8058 49.35  
48.9  54.5485 49.25  
48.9  54.5485 49.25  
48.9  54.4518 49.25  
48.9  54.4757 49.25  
48.9  54.4757 49.25  
48.9  54.4757 49.25  
48.9  54.4757 49.25  
48.9  54.4757 49.25  
48.9  54.4757 49.25  
r: 1.250000 p: 0.800000 beta: 0.900000 lambda2: 1.000000 
lambda1: 1.400000 
 18.56  6.62102 19.85  
18.36  6.8067 19.69  
18.33  8.17289 19.6  
19.34  9.56037 21.43  
19.05  8.73636 20.49  
18.47  8.43742 19.7  
18.22  8.46225 19.64  
17.96  8.639 19.56  
18.02  8.79453 19.68  
18.05  8.97642 19.47  
17.9  9.04681 19.43  
18.01  9.44036 19.42  
17.83  9.41418 19.49  
17.65  9.32203 19.05  
17.65  9.29838 19.05  
17.6  9.31463 19.05  
17.65  9.44583 19.1  
17.73  9.6945 19.33  
17.63  9.63822 19.11  
17.6  9.5312 19.05  
17.65  9.56713 19.1  
17.65  9.60182 19.1  
17.98  9.78552 19.47  
18.04  9.82571 19.53  
18.15  9.70442 19.55  
18.01  9.63095 19.42  
17.71  9.51921 19.16  
17.58  9.38569 19.03  
17.45  9.30926 18.9  
17.61  9.3532 19.06  
17.45  9.21025 18.9  
17.57  9.24664 19.06  
17.4  9.1236 19.06  
17.2  8.97989 18.95  
17.26  8.84597 18.95  
17.14  8.67822 18.65  
16.93  8.56932 18.5  
16.79  8.39957 18.29  
16.6  8.38248 18.1  
16.05  8.08343 17.85  
15.85  7.94444 17.35  
15.16  7.27576 16.71  
15.11  7.13808 16.81  
14.7  6.52033 16.35  
14.6  6.28133 16.25  
14.35  6.0048 16  
14.3  5.88931 15.95  
14  5.60299 15.7  
13.85  5.40263 15.55  
13.85  5.34946 15.55  
13.8  5.09655 15.35  
13.65  4.96336 15.15  
13.55  4.88562 15.05  
13.4  4.72005 14.85  
13.35  4.64725 14.8  
13.5  4.75042 14.75  
13.8  4.56614 15  
13.75  4.38512 14.95  
13.7  4.34959 14.9  
13.82  4.11924 14.56  
12.9  2.97095 13.35  
12.95  3.00152 13.4  
12.9  2.97687 13.35  
12.95  2.99881 13.4  
12.95  2.99881 13.4  
12.95  2.99881 13.4  
12.9  2.95219 13.35  
12.9  2.95219 13.35  
12.9  2.9075 13.35  
12.9  2.9075 13.35  
12.8  2.85976 13.3  
12.8  2.85976 13.3  
12.8  2.85976 13.3  
12.8  2.85976 13.3  
12.8  2.85976 13.3  
12.8  2.85976 13.3  
12.8  2.85976 13.3  
12.8  2.85976 13.3  
12.8  2.85976 13.3  
12.8  2.87249 13.3  
22.5  17.725 23.3  
29.79  33.3146 30.6  
36.87  38.6282 37.37  
38.28  39.6751 38.78  
39.09  39.8199 39.64  
30.4  34.1123 31.15  
30.25  33.6239 30.8  
30.37  34.2861 30.89  
39.75  47.3345 40.25  
42.11  51.1352 42.54  
40.32  49.2909 40.68  
48.9  55.8343 49.27  
51.93  56.7149 52.45  
48.75  54.3548 49.05  
48.9  55.0241 49.2  
48.95  54.9484 49.25  
48.85  54.7951 49.15  
48.85  54.7788 49.15  
48.85  54.8313 49.15  
48.85  54.8313 49.15  
48.85  54.7634 49.15  
48.85  54.7634 49.15  
48.85  54.7634 49.15  
48.85  54.7634 49.15  
48.85  54.7476 49.15  
48.85  54.7045 49.15  
48.85  54.6977 49.15  
48.85  54.6977 49.15  
48.95  54.9319 49.25  
48.95  54.9319 49.25  
r: 1.250000 p: 0.800000 beta: 0.900000 lambda2: 1.000000 
lambda1: 1.500000 
 20.24  8.64184 22.37  
19.49  8.20538 21.27  
19.45  8.02468 20.32  
18.96  8.53088 20.06  
18.87  8.92831 19.98  
19.34  8.73386 19.95  
17.74  7.21678 18.63  
18.47  8.57435 19.53  
18.47  8.84623 19.22  
18.82  8.98389 19.37  
18.01  8.00378 18.38  
18.99  8.84351 19.26  
18.6  8.64693 18.9  
18.2  8.37116 18.73  
17.36  7.8575 17.99  
17.23  7.78241 17.97  
17.49  7.85836 18.04  
17.42  7.86658 18.02  
17.35  7.85063 18  
17.35  7.79541 18  
17.35  7.78091 18  
17.35  7.7865 18  
17.35  7.75924 18  
17.35  7.70966 18  
17.35  7.70677 17.95  
17.35  7.69395 17.95  
17.35  7.69395 17.95  
17.35  7.69395 17.95  
17.35  7.69395 17.95  
17.35  7.69395 17.95  
17.35  7.69395 17.95  
17.35  7.69395 17.95  
17.35  7.68119 17.95  
17.35  7.68119 17.95  
17.35  7.68119 17.95  
17.35  7.68119 17.95  
17.35  7.66923 17.95  
17.35  7.66923 17.95  
20.43  9.20031 21.12  
20.3  9.2444 20.95  
20.35  9.30348 21  
20.35  9.36247 21  
20.35  9.35744 21  
20.4  9.36291 21.05  
20.45  9.32537 21.1  
20.45  9.34389 21.1  
20.45  9.30767 21.1  
20.45  9.27966 21.1  
20.45  9.2839 21.1  
20.45  9.28176 21.1  
20.4  9.28076 21.05  
20.4  9.21709 21.05  
20.67  9.7669 21.32  
20.45  9.55219 20.92  
18.75  7.43819 19.25  
18.55  7.12393 19.05  
18.5  7.05281 19  
18.4  6.86573 18.9  
18.4  6.84932 18.9  
18.35  6.80719 18.85  
18.2  6.66458 18.7  
18.2  6.67781 18.7  
18.2  6.6637 18.7  
18.2  6.64272 18.7  
18.15  6.59654 18.65  
17.95  6.44185 18.45  
18.15  6.496 18.7  
17.5  6.30151 18.3  
17.55  6.33459 18.3  
17.55  6.33459 18.3  
17.55  6.33459 18.3  
17.55  6.33459 18.3  
17.55  6.33459 18.3  
17.55  6.33459 18.3  
17.55  6.33459 18.3  
17.55  6.33459 18.3  
17.55  6.33459 18.3  
17.55  6.33459 18.3  
17.55  6.33459 18.3  
17.55  6.33459 18.3  
17.55  6.33459 18.3  
17.55  6.33459 18.3  
23.34  14.0882 24.1  
23.1  13.8501 23.86  
31.4  26.4723 32.16  
26.69  17.2794 27.59  
26.8  18.6724 27.75  
27  19.2153 27.95  
27  19.5236 27.95  
37.01  31.7363 37.85  
45.06  42.1351 45.73  
47.14  44.4863 47.59  
45.67  44.7399 47  
44.15  44.8811 45.4  
44.07  45.1172 44.5  
41.58  44.5731 42.02  
40.5  44.3815 41  
40.24  44.944 40.7  
39.93  45.2029 40.28  
39.91  45.5864 40.27  
39.45  44.8203 40  
39.5  45.0914 40.05  
39.5  45.1859 40.05  
39.5  45.2161 40.05  
39.55  45.3697 40.1  
39.55  45.3697 40.1  
39.55  45.3697 40.1  
39.55  45.4095 40.1  
39.65  45.5985 40.2  
39.7  45.6749 40.25  
