r: 1.250000 p: 0.800000 beta: 0.900000 lambda2: 1.000000 
lambda1: 1.000000 
 24.59  18.2559 25.62  
23.83  17.784 25.78  
23.58  18.2935 26.12  
22.43  18.6624 25.07  
22.34  18.57 24.14  
22.14  19.2567 23.36  
21.22  18.7078 22.44  
21.31  18.3368 22.18  
21.08  17.211 22.08  
20.78  15.4221 21.7  
20.84  14.7853 21.55  
20.69  14.346 21.35  
20.05  13.0051 20.6  
19.85  12.943 20.4  
19.85  12.922 20.4  
19.85  12.922 20.4  
21.2  17.2812 22.12  
21.47  17.3715 22.26  
21.34  16.6569 21.91  
21.05  16.3115 21.65  
21.05  16.2417 21.65  
21.1  16.2602 21.7  
21.1  16.2785 21.7  
21.1  16.295 21.7  
21.05  16.2119 21.65  
21.1  16.3781 21.7  
21.1  16.3684 21.7  
21.1  16.3528 21.7  
21  16.2076 21.6  
20.95  16.1931 21.55  
20.95  16.1839 21.55  
20.95  16.1755 21.55  
20.95  16.1987 21.55  
20.95  16.1987 21.55  
20.95  16.1987 21.55  
20.95  16.1987 21.55  
20.95  16.1987 21.55  
20.95  16.1987 21.55  
20.95  16.2106 21.55  
20.95  16.2106 21.55  
22.12  17.3548 23.29  
22.33  17.1393 23.1  
22.35  17.0534 22.9  
22.4  17.0815 22.95  
22.4  17.0815 22.95  
22.4  17.0815 22.95  
22.4  17.0461 22.95  
22.35  16.9446 22.95  
22.3  16.9109 22.95  
22.3  16.8972 22.95  
22.3  16.8972 22.95  
22.3  16.8972 22.95  
22.3  16.8844 22.95  
22.3  16.8844 22.95  
22.25  16.8673 22.95  
22.1  16.8729 22.92  
22.13  16.8698 22.9  
22.15  16.8686 22.9  
21  15.7864 21.75  
21.07  15.8282 21.81  
20.85  15.3124 21.4  
19.45  12.2533 19.85  
19.35  12.1554 19.75  
19.35  12.1554 19.75  
19.35  12.1554 19.75  
19.35  12.1554 19.75  
19.56  12.419 20.05  
19.69  12.1862 20  
19.45  12.0614 19.8  
19.45  12.0614 19.8  
19.45  12.0614 19.8  
19.45  12.0614 19.8  
19.45  12.0614 19.8  
19.45  12.0614 19.8  
19.45  12.0614 19.8  
19.45  12.0614 19.8  
19.45  12.0614 19.8  
19.45  12.0614 19.8  
19.45  12.0614 19.8  
19.45  12.0614 19.8  
19.45  12.0614 19.8  
19.45  12.0614 19.8  
22.57  17.008 23.5  
24.06  20.5379 26.07  
25.3  17.585 25.65  
35.2  33.5904 35.58  
36.93  35.9406 37.29  
44.64  46.5546 45.16  
45.3  51.1544 47.13  
49.55  54.5903 49.94  
55.58  60.9155 56.05  
62.29  66.1033 62.53  
51.38  61.7061 51.58  
50.44  61.3192 50.61  
49.97  60.897 50.14  
49.65  60.5179 49.85  
49.57  60.4694 49.75  
49.35  60.3022 49.55  
49.35  60.3867 49.55  
49.35  60.5585 49.55  
49.35  60.5585 49.55  
49.35  60.5888 49.55  
49.35  60.5888 49.55  
49.35  60.5888 49.55  
49.35  60.5888 49.55  
49.35  60.5888 49.55  
49.35  60.5888 49.55  
49.35  60.5888 49.55  
49.35  60.5888 49.55  
49.35  60.5888 49.55  
